   1.2079684e+00   1.3772119e+00
   2.7655036e+00   3.1637305e+00
  -1.3364919e+00  -1.6793374e+00
  -8.9894917e-01   7.4818147e-01
   2.4412558e-01   1.3303683e+00
   7.0362483e-01   3.7274081e+00
  -1.6662084e-01   2.0128618e+00
   6.0614091e-01   2.7113457e+00
   6.0004206e-01   3.0976114e+00
  -3.4766025e-01   2.8355051e+00
  -1.9242439e+00  -3.9630605e+00
  -2.4540686e-01   1.8449209e+00
  -8.2659584e-01   3.2409013e-01
  -7.0062281e-01   7.4052734e-01
  -6.3554156e-01   6.7000103e-01
   3.0000000e+00   3.8671122e+00
  -1.5135927e+00  -2.5158743e+00
   2.1680085e+00   3.1194469e+00
   2.5472898e+00   5.0118711e+00
   1.0539219e-01   2.3747155e+00
   1.5425036e+00   3.1758803e+00
  -3.8547285e-01   1.6463224e+00
  -1.4831573e+00  -6.7368394e-01
  -8.3475810e-01  -1.0023537e+00
  -8.8246358e-01   4.9187906e-01
   1.8991618e+00   3.3146900e+00
   5.3498250e-01   2.9873841e+00
  -5.7374469e-01   3.3250803e-01
  -1.9278058e+00  -3.0677005e+00
  -2.7067512e+00  -1.4507903e+00
   3.3690533e-02   2.3657268e+00
   1.6207366e+00   1.8213831e+00
  -1.9762475e+00  -2.2684144e+00
  -1.5362321e+00  -2.2450511e+00
   2.6216996e-01   3.8461365e+00
  -4.9846796e-01   2.0607421e-01
  -9.2218372e-01  -6.1170663e-01
   2.5186632e+00   4.2112120e+00
   1.1502698e+00   3.3960249e+00
  -1.4095348e-01   2.4147767e+00
   1.0814183e+00   3.0917336e+00
  -9.5473333e-02   1.4457279e+00
   1.5106761e+00   2.8174787e+00
   1.2578322e+00   3.1929273e+00
  -2.0083353e+00  -2.1181634e+00
   2.0773702e+00   3.8828029e+00
   1.8655247e+00   2.8007288e+00
  -7.0202505e-01   9.5581371e-01
  -2.3022748e+00  -2.7845777e+00
   2.0350769e+00   4.1060079e+00
  -5.6504911e-01   6.9285553e-01
  -8.7226287e-01   1.5436515e+00
   8.5733885e-01   2.9393018e+00
  -1.2462788e+00  -9.8488489e-01
  -9.6658631e-01  -1.6596950e-01
  -5.6439393e-01   8.2338963e-02
   8.1111828e-01   3.9730109e+00
  -3.6280894e-01  -2.8789015e-01
   5.7407891e-02   7.5251352e-01
  -2.0452509e+00  -3.6566409e+00
  -1.8223385e+00  -2.1095216e+00
  -2.1810259e+00  -1.5913161e+00
   1.7492356e+00   2.0906063e+00
  -3.6641769e-02   1.8008928e+00
  -1.1978601e+00  -1.6087182e+00
  -1.0114747e+00  -2.3546000e-01
  -1.0758764e+00   8.4534347e-01
   2.7699785e+00   3.9811577e+00
  -8.1359179e-01   1.5796291e+00
  -2.4163119e+00  -1.8447621e+00
   1.3555659e+00   2.7420866e+00
  -9.9040591e-01   9.9350540e-02
  -2.5124833e+00  -9.4298831e-01
  -6.0483958e-01   9.4213182e-01
  -6.0509605e-01  -2.8154049e-01
  -1.8370121e+00  -3.5109990e+00
   1.4242802e-01   1.6767694e+00
   1.3982582e+00   2.7894460e+00
   2.4564689e+00   4.8523578e+00
   2.1497844e+00   4.5133912e+00
   8.4600172e-01   4.0941536e+00
  -1.2126311e+00  -1.3222611e+00
  -8.1269160e-01   6.0596313e-01
   1.1170896e+00   3.9433202e+00
  -4.2732284e-01   1.2302213e+00
  -1.4626280e+00  -2.3415073e+00
  -1.9400328e+00  -3.3423659e+00
   2.3179687e+00   4.1899071e+00
  -5.8532376e-01   5.9982682e-01
  -7.6209669e-01   4.6774996e-01
  -2.2304097e+00  -2.2226075e+00
  -4.9553620e-01   1.1436310e+00
  -2.1654484e-01   1.5991933e+00
  -8.8327684e-02   2.2926106e+00
  -2.4432491e+00  -1.9181671e+00
   1.0094205e+00   3.3573787e+00
  -1.6437274e+00  -2.5787576e+00
  -3.0000000e+00  -2.6011677e+00
  -1.5389738e+00  -2.2328524e+00
   1.0433086e+00   2.1947584e+00
  -1.9711135e+00  -2.5913595e+00
   2.3037692e+00   5.2686015e+00
   3.8762274e-01   2.7573236e+00
  -2.1108250e-01   1.3307259e+00
   2.7787788e-01   2.2475365e+00
  -1.1241763e-01   5.8188508e-01
   2.5945517e-02   2.8188908e+00
  -5.5223462e-01   1.3112704e+00
  -7.3986484e-01  -3.4637788e-01
  -1.2118977e+00  -2.1779671e+00
  -1.0396191e-01   1.5224555e+00
  -9.2961459e-01   3.4695373e-01
  -1.5579616e-01   2.2713458e+00
   1.3415755e+00   3.5888782e+00
  -1.0526279e+00  -4.5756203e-03
  -7.0775451e-01   1.7255078e+00
   7.5993202e-02   9.5890713e-01
   1.6324668e-01   2.6543590e+00
  -1.7404836e-01   1.6139590e+00
  -1.0213221e+00  -9.5677736e-01
  -1.3438151e+00  -1.1761084e+00
   9.3159389e-01   3.4249340e+00
  -6.7377310e-01   1.4218342e+00
  -1.1122755e+00  -1.4832731e+00
   1.6503672e+00   2.3439735e+00
  -2.4985073e+00  -1.1347423e+00
   2.2543237e+00   4.1029685e+00
  -9.5522613e-01  -1.2662503e-01
  -2.2718781e+00  -2.2183738e+00
   8.2074362e-02   2.9317456e+00
  -5.1850946e-01   1.2466700e+00
  -8.3364302e-01  -1.2617552e-01
   1.9971889e+00   3.0885575e+00
   3.7727538e-01   2.4556511e+00
   2.4515752e+00   7.0683793e+00
  -1.9809645e+00  -2.9283541e+00
  -7.7887889e-01   1.6925114e-01
  -9.6546119e-01  -3.8306714e-01
  -1.2854062e+00  -3.7839028e-01
  -4.5027003e-01  -1.2443890e-01
  -1.0779443e+00   1.4563362e-01
   4.9376885e-01   2.4424284e+00
  -5.9602583e-01   5.7532673e-01
   2.4506367e+00   5.8654227e+00
   3.0906039e-01   1.9550947e+00
  -5.3405327e-01   1.2047289e+00
   5.7136069e-01   3.0190747e+00
  -8.7411518e-01  -9.3858527e-01
  -2.5270528e-01   1.6287791e+00
  -9.4227755e-01   2.3643389e-01
  -1.4825330e+00  -1.7795234e+00
  -4.8091764e-01   6.2647370e-01
  -2.0465188e+00  -2.7476799e+00
  -7.2115068e-01   8.9861869e-01
  -8.3395982e-01   5.3122726e-01
   1.0658172e+00   3.1592789e+00
   1.5809741e+00   2.0757878e+00
  -5.6187482e-01   1.0353879e+00
   4.2179462e-01   3.0425286e+00
  -1.8051937e+00  -1.9664147e+00
   1.2378587e+00   2.2368731e+00
   9.9087072e-01   3.1919573e+00
   2.5626729e+00   5.7062353e+00
   4.2328932e-01   2.7519510e+00
   4.1060336e-01   4.2202432e+00
  -1.4300137e+00  -2.2812225e+00
   2.4276810e+00   3.6950130e+00
   8.1945944e-01   3.8776726e+00
   1.7721694e+00   2.0084600e+00
   4.2359822e-01   3.7439611e+00
  -1.3011586e+00  -1.2212650e+00
   2.1825934e+00   4.1358479e+00
   1.2185369e-01   1.5573712e+00
  -1.9473831e+00  -1.6517730e+00
  -4.3998526e-02   2.1286865e+00
   2.2827416e+00   4.5117216e+00
   4.2535494e-01   2.3402731e+00
  -2.7615018e+00  -2.3172702e+00
  -1.3508501e+00  -8.2707638e-01
   6.8511019e-01   4.5674342e+00
  -1.0870174e+00  -6.4711839e-01
  -1.2380409e+00  -9.4928910e-01
  -1.1065628e-01   2.0051034e+00
  -1.1789452e+00  -2.1684053e+00
   2.8976431e+00   3.9444111e+00
  -7.9808463e-01  -9.0046080e-02
  -1.5791712e+00  -2.8613792e+00
   2.9083150e-01   2.4700160e+00
  -2.7539808e-01  -5.7514924e-01
  -2.4665505e-01   9.9216098e-01
  -1.7155113e+00  -2.3771416e+00
   3.2660109e-01   2.7285897e+00
   1.0511469e+00   3.0742326e+00
  -9.2214298e-01  -3.4475072e-01
  -1.2110706e+00  -1.8965927e+00
   2.0690007e+00   3.3457914e+00
  -9.5814307e-01  -6.2904279e-01
  -2.0681771e-01   1.4560468e+00
   1.1718409e+00   3.7906379e+00
  -1.8016670e+00  -3.0277952e+00
